[gd_scene load_steps=9 format=2]

[ext_resource path="res://Effects/Gib.tscn" type="PackedScene" id=1]
[ext_resource path="res://Effects/circle32.png" type="Texture" id=2]
[ext_resource path="res://Script/Gibs.gd" type="Script" id=3]

[sub_resource type="SpatialMaterial" id=6]
flags_transparent = true
flags_unshaded = true
vertex_color_use_as_albedo = true
params_billboard_mode = 3
particles_anim_h_frames = 1
particles_anim_v_frames = 1
particles_anim_loop = false
albedo_texture = ExtResource( 2 )

[sub_resource type="Curve" id=2]
_data = [ Vector2( 0, 0 ), 0.0, 3.14866, 0, 0, Vector2( 1, 0 ), -4.24156, 0.0, 0, 0 ]

[sub_resource type="CurveTexture" id=3]
curve = SubResource( 2 )

[sub_resource type="ParticlesMaterial" id=4]
direction = Vector3( 0, 1, 0 )
initial_velocity = 5.0
scale = 0.2
scale_curve = SubResource( 3 )
color = Color( 0.278431, 0.027451, 0.027451, 1 )

[sub_resource type="QuadMesh" id=5]

[node name="Gibs" type="Spatial"]
script = ExtResource( 3 )

[node name="Particles" type="Particles" parent="."]
transform = Transform( 1, 0, 0, 0, 0.799402, -0.600797, 0, 0.600797, 0.799402, 0, 0, 0 )
material_override = SubResource( 6 )
emitting = false
amount = 16
one_shot = true
explosiveness = 0.8
local_coords = false
process_material = SubResource( 4 )
draw_pass_1 = SubResource( 5 )

[node name="Gib" parent="." instance=ExtResource( 1 )]
transform = Transform( 1, 0, 0, 0, 0.931469, 0.36382, 0, -0.36382, 0.931469, 0, 0, 0 )

[node name="Gib2" parent="." instance=ExtResource( 1 )]
transform = Transform( 0.960367, -0.27874, 0, 0.27874, 0.960367, 0, 0, 0, 1, 0, 0, 0 )

[node name="Gib3" parent="." instance=ExtResource( 1 )]
transform = Transform( 0.873007, 0.487707, 0, -0.487707, 0.873007, 0, 0, 0, 1, 0, 0, 0 )

[node name="Gib4" parent="." instance=ExtResource( 1 )]
transform = Transform( 1, 0, 0, 0, 0.799402, -0.600797, 0, 0.600797, 0.799402, 0, 0, 0 )

[node name="Gib5" parent="." instance=ExtResource( 1 )]

[node name="DisableTimer" type="Timer" parent="."]
wait_time = 4.0
one_shot = true
autostart = true

[connection signal="timeout" from="DisableTimer" to="." method="hide"]
