[gd_scene load_steps=16 format=2]

[ext_resource path="res://Enemies/raw_assets/BirdMonster/birdmonster.glb" type="PackedScene" id=1]
[ext_resource path="res://Enemies/HitBox.tscn" type="PackedScene" id=2]
[ext_resource path="res://Script/Monster.gd" type="Script" id=3]
[ext_resource path="res://Enemies/HealthManager.tscn" type="PackedScene" id=4]
[ext_resource path="res://Enemies/CharacterMover.tscn" type="PackedScene" id=5]
[ext_resource path="res://Script/AimAtObject.gd" type="Script" id=6]
[ext_resource path="res://Weapons/DamageArea.tscn" type="PackedScene" id=7]

[sub_resource type="CapsuleShape" id=1]
radius = 0.5

[sub_resource type="CapsuleShape" id=2]

[sub_resource type="CapsuleShape" id=3]

[sub_resource type="CapsuleShape" id=4]

[sub_resource type="CapsuleShape" id=5]

[sub_resource type="CapsuleShape" id=6]
height = 1.43102

[sub_resource type="BoxShape" id=7]

[sub_resource type="BoxShape" id=8]

[node name="BirdMonster" type="KinematicBody"]
collision_layer = 2
collision_mask = 3
script = ExtResource( 3 )
attack_range = 5.0

[node name="CollisionShape" type="CollisionShape" parent="."]
transform = Transform( 1, 0, 0, 0, -4.37114e-08, 1, 0, -1, -4.37114e-08, 0, 1, 0 )
shape = SubResource( 1 )

[node name="Graphics" parent="." instance=ExtResource( 1 )]

[node name="Skeleton" parent="Graphics/Armature" index="0"]
bones/0/bound_children = [ NodePath("Hip") ]
bones/1/bound_children = [ NodePath("Body") ]
bones/2/bound_children = [ NodePath("ArmUL") ]
bones/3/bound_children = [ NodePath("ArmLL") ]
bones/4/bound_children = [ NodePath("ArmUR") ]
bones/5/bound_children = [ NodePath("ArmLR") ]
bones/6/bound_children = [ NodePath("LegUL") ]
bones/7/bound_children = [ NodePath("LegLL") ]
bones/8/bound_children = [ NodePath("LegUR") ]
bones/9/bound_children = [ NodePath("LegLR") ]

[node name="ArmUR" type="BoneAttachment" parent="Graphics/Armature/Skeleton" index="1"]
transform = Transform( -0.762323, -0.647196, -8.04094e-07, 0.52914, -0.623267, 0.575803, -0.372658, 0.438947, 0.817589, -0.176714, 1.48577, -0.135291 )
bone_name = "upper_armr"

[node name="HitBox" parent="Graphics/Armature/Skeleton/ArmUR" instance=ExtResource( 2 )]

[node name="CollisionShape" type="CollisionShape" parent="Graphics/Armature/Skeleton/ArmUR/HitBox"]
transform = Transform( 0.0798767, -7.45058e-09, -3.72529e-08, 1.86265e-09, -7.45058e-09, 0.180302, -5.58794e-09, -0.0878869, -7.45058e-09, 5.96046e-08, 0.193469, 2.38419e-07 )
shape = SubResource( 2 )

[node name="ArmLR" type="BoneAttachment" parent="Graphics/Armature/Skeleton" index="2"]
transform = Transform( -0.998522, -0.0543442, -6.79123e-07, 0.0332622, -0.611173, 0.790798, -0.0429755, 0.78963, 0.612077, -0.456291, 1.21653, 0.0543261 )
bone_name = "lower_armr"

[node name="HitBox" parent="Graphics/Armature/Skeleton/ArmLR" instance=ExtResource( 2 )]

[node name="CollisionShape" type="CollisionShape" parent="Graphics/Armature/Skeleton/ArmLR/HitBox"]
transform = Transform( 0.0487184, -4.42378e-09, -9.31323e-10, 2.32831e-10, 1.86265e-09, 0.180302, -3.49246e-09, -0.0585883, -7.45058e-09, 1.49012e-07, 0.193469, 2.38419e-07 )
shape = SubResource( 3 )

[node name="CollisionShape2" type="CollisionShape" parent="Graphics/Armature/Skeleton/ArmLR/HitBox"]
transform = Transform( 0.050991, 0.000986766, -0.0642947, 0.0198119, -0.00253968, 0.165479, 3.72529e-09, -0.0541782, -0.00892808, -0.0579861, 0.603946, 1.19209e-07 )
shape = SubResource( 4 )

[node name="CollisionShape3" type="CollisionShape" parent="Graphics/Armature/Skeleton/ArmLR/HitBox"]
transform = Transform( 0.0521735, -3.72529e-09, -0.0534431, 0.0127562, -0.0342429, 0.131485, -0.0103822, -0.0420729, -0.107015, -0.0603278, 0.530617, -0.151095 )
shape = SubResource( 4 )

[node name="CollisionShape4" type="CollisionShape" parent="Graphics/Armature/Skeleton/ArmLR/HitBox"]
transform = Transform( 0.0497092, -0.0015867, -0.0740269, 0.0226597, 0.0101779, 0.158314, 0.00284932, -0.0532597, 0.032459, -0.0705504, 0.584035, 0.124883 )
shape = SubResource( 4 )

[node name="ArmUL" type="BoneAttachment" parent="Graphics/Armature/Skeleton" index="3"]
transform = Transform( -0.762323, 0.647196, 8.20133e-07, -0.52914, -0.623267, 0.575803, 0.372658, 0.438947, 0.817589, 0.176714, 1.48577, -0.135291 )
bone_name = "upper_arml"

[node name="HitBox" parent="Graphics/Armature/Skeleton/ArmUL" instance=ExtResource( 2 )]

[node name="CollisionShape" type="CollisionShape" parent="Graphics/Armature/Skeleton/ArmUL/HitBox"]
transform = Transform( 0.0798767, -7.45058e-09, -3.72529e-08, 1.86265e-09, -7.45058e-09, 0.180302, -5.58794e-09, -0.0878869, -7.45058e-09, 5.96046e-08, 0.193469, 2.38419e-07 )
shape = SubResource( 2 )

[node name="ArmLL" type="BoneAttachment" parent="Graphics/Armature/Skeleton" index="4"]
transform = Transform( -0.998522, 0.0543442, 6.6465e-07, -0.0332621, -0.611173, 0.790798, 0.0429756, 0.78963, 0.612077, 0.456291, 1.21653, 0.054326 )
bone_name = "lower_arml"

[node name="HitBox" parent="Graphics/Armature/Skeleton/ArmLL" instance=ExtResource( 2 )]

[node name="CollisionShape" type="CollisionShape" parent="Graphics/Armature/Skeleton/ArmLL/HitBox"]
transform = Transform( 0.0547046, -3.84171e-09, -4.65661e-10, 1.16415e-10, -3.72529e-09, 0.177755, -3.95812e-09, -0.0542467, -7.45058e-09, 5.96046e-08, 0.193469, 5.96046e-08 )
shape = SubResource( 4 )

[node name="CollisionShape2" type="CollisionShape" parent="Graphics/Armature/Skeleton/ArmLL/HitBox"]
transform = Transform( 0.0520457, -9.31323e-10, 0.0547433, -0.0168474, -5.58794e-09, 0.169115, 1.39698e-09, -0.0542467, -1.49012e-08, 0.05771, 0.571068, -2.38419e-07 )
shape = SubResource( 4 )

[node name="CollisionShape3" type="CollisionShape" parent="Graphics/Armature/Skeleton/ArmLL/HitBox"]
transform = Transform( 0.0509072, -1.60653e-08, 0.0650723, -0.015532, -0.0342429, 0.128294, 0.0126414, -0.0420729, -0.104418, 0.0476996, 0.52715, -0.148273 )
shape = SubResource( 4 )

[node name="CollisionShape4" type="CollisionShape" parent="Graphics/Armature/Skeleton/ArmLL/HitBox"]
transform = Transform( 0.049544, -0.00481815, 0.0736948, -0.0202194, 0.0170182, 0.155469, -0.0113647, -0.0512823, 0.0446689, 0.0675214, 0.560855, 0.132679 )
shape = SubResource( 4 )

[node name="LegUR" type="BoneAttachment" parent="Graphics/Armature/Skeleton" index="5"]
transform = Transform( -0.782998, -0.148381, -0.604045, -0.0548847, -0.950859, 0.304716, -0.619573, 0.271751, 0.736382, -0.131876, 0.936301, 1.36788e-07 )
bone_name = "upperlegr"

[node name="HitBox" parent="Graphics/Armature/Skeleton/LegUR" instance=ExtResource( 2 )]

[node name="CollisionShape" type="CollisionShape" parent="Graphics/Armature/Skeleton/LegUR/HitBox"]
transform = Transform( 0.0796885, 5.58794e-09, 0, 9.31323e-10, -1.86265e-09, 0.18513, 7.45058e-09, -0.0636594, -3.72529e-09, 3.35276e-08, 0.193468, 3.8743e-07 )
shape = SubResource( 5 )

[node name="LegLR" type="BoneAttachment" parent="Graphics/Armature/Skeleton" index="6"]
transform = Transform( -0.786344, 0.178841, -0.591314, -0.0264676, -0.966051, -0.256985, -0.617197, -0.186425, 0.76439, -0.193832, 0.539271, 0.11347 )
bone_name = "lowerlegr"

[node name="HitBox" parent="Graphics/Armature/Skeleton/LegLR" instance=ExtResource( 2 )]

[node name="CollisionShape" type="CollisionShape" parent="Graphics/Armature/Skeleton/LegLR/HitBox"]
transform = Transform( 0.0796885, 3.72529e-09, -3.72529e-09, 0, 9.31323e-10, 0.18513, 1.11759e-08, -0.0636594, -1.86265e-09, 1.19209e-07, 0.272488, -2.45869e-07 )
shape = SubResource( 6 )

[node name="LegUL" type="BoneAttachment" parent="Graphics/Armature/Skeleton" index="7"]
transform = Transform( -0.782999, 0.14838, 0.604046, 0.0548854, -0.95086, 0.304714, 0.619573, 0.271751, 0.736382, 0.131876, 0.936301, 1.36788e-07 )
bone_name = "upperlegl"

[node name="HitBox" parent="Graphics/Armature/Skeleton/LegUL" instance=ExtResource( 2 )]

[node name="CollisionShape" type="CollisionShape" parent="Graphics/Armature/Skeleton/LegUL/HitBox"]
transform = Transform( 0.0796885, 5.58794e-09, 0, 9.31323e-10, -1.86265e-09, 0.18513, 7.45058e-09, -0.0636594, -3.72529e-09, 3.35276e-08, 0.193468, 3.8743e-07 )
shape = SubResource( 5 )

[node name="LegLL" type="BoneAttachment" parent="Graphics/Armature/Skeleton" index="8"]
transform = Transform( -0.786345, -0.178843, 0.591314, 0.0264683, -0.966051, -0.256987, 0.617196, -0.186426, 0.76439, 0.193832, 0.539271, 0.113469 )
bone_name = "lowerlegl"

[node name="HitBox" parent="Graphics/Armature/Skeleton/LegLL" instance=ExtResource( 2 )]

[node name="CollisionShape" type="CollisionShape" parent="Graphics/Armature/Skeleton/LegLL/HitBox"]
transform = Transform( 0.0796885, 3.72529e-09, -3.72529e-09, 0, 9.31323e-10, 0.18513, 1.11759e-08, -0.0636594, -1.86265e-09, 1.19209e-07, 0.272488, -2.45869e-07 )
shape = SubResource( 6 )

[node name="Hip" type="BoneAttachment" parent="Graphics/Armature/Skeleton" index="9"]
transform = Transform( 1, 0, 0, 0, 1, 0, 0, 0, 1, 0, 0.915201, 0 )
bone_name = "hip"

[node name="HitBox" parent="Graphics/Armature/Skeleton/Hip" instance=ExtResource( 2 )]

[node name="CollisionShape" type="CollisionShape" parent="Graphics/Armature/Skeleton/Hip/HitBox"]
transform = Transform( 0.160568, 1.75303e-08, 8.64464e-16, 0, -5.46385e-09, 0.141015, 2.25187e-08, -0.124998, -6.16398e-09, 0.00322184, 0.157767, -2.40403e-07 )
shape = SubResource( 7 )

[node name="Body" type="BoneAttachment" parent="Graphics/Armature/Skeleton" index="10"]
transform = Transform( 1, 0, 2.38418e-07, -8.6824e-08, 0.931334, 0.364166, -2.22047e-07, -0.364166, 0.931334, 0, 1.13977, 0 )
bone_name = "body"

[node name="HitBox" parent="Graphics/Armature/Skeleton/Body" instance=ExtResource( 2 )]

[node name="CollisionShape" type="CollisionShape" parent="Graphics/Armature/Skeleton/Body/HitBox"]
transform = Transform( 0.160568, 2.06157e-08, -4.22187e-09, -6.21725e-15, 0.0160105, 0.276391, 2.25187e-08, -0.146998, 0.0301037, 0.00322184, 0.345997, 0.00954181 )
shape = SubResource( 8 )

[node name="HealthManager" parent="." instance=ExtResource( 4 )]
transform = Transform( 1, 0, 0, 0, 1, 0, 0, 0, 1, 0, 1, 0 )
max_health = 20

[node name="CharacterMover" parent="." instance=ExtResource( 5 )]
transform = Transform( 1, 0, 0, 0, 1, 0, 0, 0, 1, 0, 0.90144, 0 )
max_speed = 10
ignore_rotation = true

[node name="AimAtObject" type="Spatial" parent="."]
transform = Transform( 1, 0, 0, 0, 1.62812, 0, 0, 0, 1, 0, 0.510784, 0.120438 )
script = ExtResource( 6 )

[node name="DamageArea" parent="AimAtObject" instance=ExtResource( 7 )]
transform = Transform( 1.34816, 0, 0, 0, 1, 0, 0, 0, 1, 0, 0.405866, 1.16955 )
damage = 10

[editable path="Graphics"]
